40,5
40,4
40,3
40,2
40,1
40,0
39,4
39,3
39,2
39,1
39,0
14,6
38,8
38,7
38,6
38,5
38,4
38,3
38,2
0,431
38,1
38,0
37,6
37,5
37,4
37,3
37,2
37,1
37,0
36,6
36,5
36,4
36,3
36,2
36,1
36,0
14,5
14,4
14,2
14,0
35,15
35,14
35,13
35,12
35,11
35,10
35,9
35,8
35,7
35,6
35,5
35,4
35,3
35,2
0,9
35,1
35,0
34,35
3,2
10,184
10,32
10,168
10,278
10,18
10,246
10,304
10,2
10,3
11,6
11,10
9,7
9,2
9,3
8,12
8,7
8,10
8,17
8,8
8,18
8,15
8,2
8,3
27,55
27,52
27,51
27,48
27,46
27,44
27,42
27,39
27,37
27,34
27,31
27,28
27,27
27,26
27,23
27,21
27,20
27,17
27,16
27,13
27,8
27,7
27,6
27,5
27,4
27,3
27,2
27,1
27,0
26,5
26,4
26,3
26,2
26,1
26,0
25,9
25,8
25,7
25,6
25,5
25,4
25,3
25,2
25,1
25,0
24,14
24,13
24,12
24,11
24,10
24,9
24,8
24,7
24,6
24,5
