0,678
4539,2
0,300
0,677
0,297
0,296
0,676
0,268
0,267
0,375
0,252
0,250
0,645
0,750
0,730
0,499
0,242
0,749
0,241
0,729
0,240
0,498
0,476
0,374
0,225
0,224
0,223
0,222
0,221
0,220
0,219
0,218
0,215
0,214
0,367
0,213
0,212
0,330
0,359
0,440
0,644
0,194
0,63
0,649
0,62
0,61
0,60
0,59
0,58
0,365
0,57
0,56
0,55
0,54
0,648
0,53
0,52
0,51
0,50
0,49
0,48
0,47
0,647
0,46
0,45
1056,34
1056,33
1056,32
1056,31
1056,30
1056,29
1056,28
1056,27
1056,26
1056,25
1056,24
1056,23
1056,22
1056,21
1056,20
1056,19
1056,18
1056,17
1056,16
1056,15
1056,14
1056,13
1056,12
1056,11
1056,10
1056,9
1056,8
1056,7
1056,6
1056,5
1056,4
1056,3
0,6
0,415
0,301
13,5
14,111
0,675
0,193
14,107
0,192
4539,15
4539,14
4539,13
4539,12
4539,11
4539,10
4539,9
4539,8
4539,7
4539,6
4539,5
4539,4
0,295
4539,3
3879,3
14,36
13,4
0,613
1056,2
1056,0
1056,35
0,289
0,288
5408,6
5408,5
5408,4
5408,3
5408,2
0,577
5408,1
5408,0
0,286
0,285
5407,5
5407,4
0,803
5407,3
5407,2
5407,1
5407,0
5406,6
5406,5
5406,4
5406,3
5406,2
5406,1
5406,0
14,280
5405,4
5405,3
5405,2
5405,1
5405,0
5404,3
5404,2
5404,1
5404,0
14,279
14,296
5403,15
5403,14
5403,13
5403,12
5403,11
5403,10
5403,9
5403,8
5403,7
5403,6
5403,5
5403,4
5403,3
5403,2
5403,1
5403,0
0,5
0,671
0,391
0,670
0,459
0,248
0,249
0,369
0,431
0,430
5402,6
5402,5
5402,4
5402,3
5402,2
5402,1
5402,0
0,428
0,427
5401,5
5401,4
5401,3
5401,2
0,426
5401,1
5401,0
5400,6
5400,5
5400,4
5400,3
5400,2
5400,1
5400,0
5399,4
5399,3
5399,2
5399,1
5399,0
5398,3
5398,2
5398,1
5398,0
5397,15
5397,14
5397,13
5397,12
5397,11
5397,10
5397,9
5397,8
5397,7
5397,6
5397,5
5397,4
5397,3
5397,2
0,576
0,9
5397,1
5397,0
0,669
0,668
0,490
5396,6
5396,5
5396,4
5396,3
5396,2
5396,1
5396,0
5395,5
5395,4
5395,3
5395,2
0,386
5395,1
5395,0
5394,6
5394,5
5394,4
5394,3
5394,2
5394,1
5394,0
5393,4
5393,3
5393,2
5393,1
5393,0
5392,3
5392,2
0,753
0,705
5392,1
5392,0
5391,15
5391,14
5391,13
5391,12
5391,11
5391,10
5391,9
5391,8
5391,7
5391,6
5391,5
5391,4
5391,3
5391,2
0,752
5391,1
5391,0
0,667
0,279
5390,6
5390,5
5390,4
5390,3
5390,2
5390,1
5390,0
5389,5
5389,4
5389,3
5389,2
0,666
0,500
5389,1
5389,0
0,309
5388,6
5388,5
5388,4
5388,3
5388,2
0,307
5388,1
5388,0
14,294
5387,4
5387,3
5387,2
0,1
0,575
5387,1
5387,0
0,299
5386,3
5386,2
0,298
5386,1
5386,0
5385,15
5385,14
5385,13
5385,12
5385,11
5385,10
5385,9
5385,8
5385,7
5385,6
5385,5
5385,4
5385,3
5385,2
5385,1
5385,0
0,345
0,338
0,306
0,665
0,447
0,278
0,302
0,483
0,664
0,12
5384,6
5384,5
5384,4
5384,3
5384,2
5384,1
5384,0
5383,5
5383,4
5383,3
5383,2
5383,1
5383,0
5382,6
5382,5
5382,4
5382,3
5382,2
5382,1
5382,0
5381,4
5381,3
5381,2
0,444
5381,1
5381,0
5380,3
5380,2
5380,1
5380,0
5379,15
5379,14
5379,13
5379,12
5379,11
5379,10
5379,9
5379,8
5379,7
5379,6
5379,5
5379,4
5379,3
5379,2
5379,1
5379,0
0,663
0,642
0,245
0,662
0,244
0,238
0,239
0,235
0,237
0,236
0,401
0,418
5378,6
5378,5
5378,4
5378,3
5378,2
0,574
5378,1
5378,0
5377,5
5377,4
5377,3
5377,2
5377,1
5377,0
0,411
5376,6
5376,5
5376,4
5376,3
5376,2
0,410
5376,1
5376,0
0,409
0,408
5375,4
5375,3
5375,2
0,407
5375,1
5375,0
0,405
5374,3
5374,2
0,404
5374,1
5374,0
5373,15
5373,14
5373,13
5373,12
5373,11
5373,10
5373,9
5373,8
5373,7
5373,6
5373,5
5373,4
5373,3
5373,2
5373,1
5373,0
0,382
0,661
0,475
0,496
0,722
0,305
0,303
5372,6
5372,5
5372,4
5372,3
5372,2
5372,1
5372,0
5371,5
5371,4
5371,3
5371,2
5371,1
5371,0
5370,6
5370,5
5370,4
5370,3
5370,2
5370,1
5370,0
5369,4
5369,3
5369,2
5369,1
5369,0
5368,3
5368,2
5368,1
5368,0
5367,15
5367,14
5367,13
5367,12
5367,11
5367,10
5367,9
5367,8
5367,7
5367,6
5367,5
5367,4
5367,3
5367,2
0,573
5367,1
5367,0
14,289
0,312
0,660
0,341
0,258
0,384
0,257
0,256
0,508
0,255
0,755
0,254
0,253
0,251
0,754
0,247
0,246
0,340
0,318
0,506
0,217
0,505
0,216
0,316
0,243
0,210
0,209
0,208
0,207
0,206
0,205
0,196
0,195
0,315
0,387
0,314
0,203
0,659
0,204
14,263
5366,6
5366,5
5366,4
5366,3
5366,2
5366,1
5366,0
5365,5
5365,4
5365,3
5365,2
5365,1
5365,0
14,290
5364,6
5364,5
5364,4
0,802
5364,3
5364,2
0,292
5364,1
5364,0
5363,4
5363,3
5363,2
5363,1
5363,0
5362,3
5362,2
0,658
5362,1
5362,0
5361,15
5361,14
5361,13
5361,12
5361,11
5361,10
5361,9
5361,8
5361,7
5361,6
5361,5
5361,4
5361,3
5361,2
0,473
5361,1
5361,0
0,308
0,745
0,265
0,471
0,351
0,266
0,262
0,477
0,469
0,264
0,719
0,657
0,263
0,641
0,259
0,379
0,261
0,260
0,350
0,443
0,442
5360,6
5360,5
5360,4
5360,3
5360,2
5360,1
5360,0
0,439
0,438
5359,5
5359,4
5359,3
5359,2
0,437
5359,1
5359,0
0,436
0,435
5358,6
5358,5
5358,4
0,326
0,371
5358,3
5358,2
0,572
5358,1
5358,0
5357,4
5357,3
5357,2
5357,1
5357,0
5356,3
5356,2
0,656
5356,1
5356,0
5355,15
5355,14
5355,13
5355,12
5355,11
5355,10
5355,9
5355,8
5355,7
5355,6
5355,5
5355,4
5355,3
5355,2
5355,1
5355,0
14,285
0,283
0,232
0,655
0,234
0,233
0,229
0,743
0,231
0,716
0,230
0,761
0,226
0,474
0,468
0,228
0,715
0,227
0,492
0,608
14,287
0,348
5354,6
5354,5
5354,4
5354,3
5354,2
0,654
5354,1
5354,0
5353,5
5353,4
5353,3
5353,2
5353,1
5353,0
0,397
5352,6
5352,5
5352,4
5352,3
5352,2
0,396
5352,1
5352,0
0,395
5351,4
5351,3
5351,2
0,393
5351,1
5351,0
5350,3
5350,2
5350,1
5350,0
5349,15
5349,14
5349,13
5349,12
5349,11
5349,10
5349,9
5349,8
5349,7
5349,6
5349,5
5349,4
5349,3
5349,2
0,571
5349,1
5349,0
0,200
0,381
0,653
0,202
0,201
0,747
14,299
0,291
0,290
5348,6
5348,5
5348,4
5348,3
5348,2
5348,1
5348,0
5347,5
5347,4
5347,3
5347,2
5347,1
5347,0
5346,6
5346,5
5346,4
5346,3
5346,2
5346,1
5346,0
5345,4
5345,3
5345,2
5345,1
5345,0
5344,3
5344,2
5344,1
5344,0
0,311
0,310
5343,15
5343,14
5343,13
5343,12
5343,11
5343,10
5343,9
5343,8
5343,7
5343,6
5343,5
5343,4
5343,3
5343,2
0,319
5343,1
5343,0
0,197
0,199
0,198
0,607
0,741
0,758
0,370
0,746
0,652
0,651
0,718
0,640
0,470
0,287
5342,6
5342,5
5342,4
5342,3
5342,2
5342,1
5342,0
0,284
5341,5
5341,4
5341,3
5341,2
0,317
5341,1
5341,0
0,282
0,281
5340,6
5340,5
5340,4
5340,3
5340,2
0,280
5340,1
5340,0
0,277
5339,4
5339,3
5339,2
5339,1
5339,0
5338,3
5338,2
5338,1
5338,0
5337,15
5337,14
5337,13
5337,12
5337,11
5337,10
5337,9
5337,8
5337,7
5337,6
5337,5
5337,4
5337,3
5337,2
0,275
0,570
5337,1
5337,0
0,737
0,736
0,461
0,460
0,507
0,650
0,606
0,304
0,429
5336,6
5336,5
5336,4
5336,3
5336,2
5336,1
5336,0
5335,5
5335,4
5335,3
5335,2
0,425
5335,1
5335,0
14,278
0,424
0,423
5334,6
5334,5
5334,4
5334,3
5334,2
0,422
5334,1
5334,0
0,421
0,420
5333,4
5333,3
5333,2
0,419
5333,1
5333,0
0,417
5332,3
5332,2
0,416
5332,1
5332,0
14,269
0,414
0,413
5331,15
5331,14
5331,13
5331,12
5331,11
5331,10
5331,9
5331,8
5331,7
5331,6
5331,5
5331,4
5331,3
5331,2
0,412
5331,1
5331,0
0,760
0,372
0,368
0,734
0,489
0,488
0,762
0,211
0,383
14,281
14,1
0,392
0,390
5330,6
5330,5
5330,4
5330,3
5330,2
0,389
5330,1
5330,0
14,268
14,2
14,0
0,388
5329,5
5329,4
5329,3
5329,2
0,569
0,2
0,0
0,385
5329,1
5329,0
5328,6
5328,5
5328,4
5328,3
5328,2
5328,1
5328,0
5327,4
5327,3
5327,2
5327,1
5327,0
5326,3
5326,2
5326,1
5326,0
14,265
14,37
14,3
13,3
0,272
0,271
5325,15
5325,14
5325,13
5325,12
5325,11
5325,10
5325,9
5325,8
5325,7
5325,6
5325,5
5325,4
5325,3
5325,2
0,11
0,276
0,10
0,711
0,8
5325,1
5325,0
0,7
0,320
0,764
0,763
0,373
0,731
0,357
0,356
0,380
0,376
0,322
0,366
0,605
5324,6
5324,5
5324,4
5324,3
5324,2
0,274
5324,1
5324,0
5323,5
5323,4
5323,3
5323,2
5323,1
5323,0
5322,6
5322,5
5322,4
5322,3
5322,2
5322,1
5322,0
5321,4
5321,3
5321,2
5321,1
5321,0
5320,3
5320,2
0,801
5320,1
5320,0
5319,15
5319,14
5319,13
5319,12
5319,11
5319,10
5319,9
5319,8
5319,7
5319,6
5319,5
5319,4
5319,3
5319,2
0,568
5319,1
5319,0
0,733
0,482
0,765
0,707
0,269
0,456
5318,6
5318,5
5318,4
5318,3
5318,2
0,454
5318,1
5318,0
14,262
0,453
0,452
5317,5
5317,4
5317,3
5317,2
0,451
5317,1
5317,0
0,450
0,449
5316,6
5316,5
5316,4
5316,3
5316,2
0,446
5316,1
5316,0
14,259
14,317
0,445
5315,4
5315,3
5315,2
5315,1
5315,0
5314,3
5314,2
0,378
0,674
5314,1
5314,0
5313,15
5313,14
5313,13
5313,12
5313,11
5313,10
5313,9
5313,8
5313,7
5313,6
5313,5
5313,4
5313,3
5313,2
5313,1
5313,0
5312,6
5312,5
5312,4
5312,3
5312,2
5312,1
5312,0
13,23
5311,5
5311,4
5311,3
5311,2
5311,1
5311,0
5310,6
5310,5
5310,4
5310,3
5310,2
5310,1
5310,0
14,277
5309,4
5309,3
5309,2
0,406
5309,1
5309,0
5308,3
5308,2
0,567
0,403
5308,1
5308,0
0,400
0,399
5307,15
5307,14
5307,13
5307,12
5307,11
5307,10
5307,9
5307,8
5307,7
5307,6
5307,5
5307,4
5307,3
5307,2
0,398
5307,1
5307,0
0,732
5306,6
5306,5
5306,4
5306,3
5306,2
5306,1
5306,0
5305,5
5305,4
5305,3
5305,2
5305,1
5305,0
13,22
5304,6
5304,5
5304,4
5304,3
5304,2
5304,1
5304,0
14,276
5303,4
5303,3
5303,2
5303,1
5303,0
5302,3
5302,2
5302,1
5302,0
5301,15
5301,14
5301,13
5301,12
5301,11
5301,10
5301,9
5301,8
5301,7
5301,6
5301,5
5301,4
5301,3
5301,2
5301,1
5301,0
0,364
0,402
5300,6
5300,5
5300,4
5300,3
5300,2
0,566
5300,1
5300,0
5299,5
5299,4
5299,3
5299,2
0,294
5299,1
5299,0
0,293
5298,6
5298,5
5298,4
5298,3
5298,2
5298,1
5298,0
14,275
5297,4
5297,3
5297,2
5297,1
5297,0
5296,3
5296,2
5296,1
5296,0
5295,15
5295,14
5295,13
5295,12
5295,11
5295,10
5295,9
5295,8
5295,7
5295,6
5295,5
5295,4
5295,3
5295,2
5295,1
5295,0
0,358
0,360
0,694
0,441
5294,6
5294,5
5294,4
5294,3
5294,2
5294,1
5294,0
5293,5
5293,4
5293,3
5293,2
5293,1
5293,0
0,434
5292,6
5292,5
5292,4
5292,3
5292,2
0,433
5292,1
5292,0
0,432
14,274
5291,4
5291,3
5291,2
5291,1
5291,0
5290,3
5290,2
5290,1
5290,0
5289,15
5289,14
5289,13
5289,12
5289,11
5289,10
5289,9
5289,8
5289,7
5289,6
5289,5
5289,4
5289,3
5289,2
0,565
5289,1
5289,0
0,363
5288,6
5288,5
5288,4
5288,3
5288,2
5288,1
5288,0
5287,5
5287,4
5287,3
5287,2
5287,1
5287,0
5286,6
5286,5
5286,4
5286,3
5286,2
5286,1
5286,0
0,394
5285,4
5285,3
5285,2
5285,1
5285,0
5284,3
5284,2
5284,1
5284,0
14,273
5283,15
0,344
5283,14
5283,13
5283,12
5283,11
5283,10
5283,9
5283,8
5283,7
5283,6
5283,5
5283,4
5283,3
5283,2
5283,1
5283,0
0,721
5282,6
5282,5
5282,4
5282,3
5282,2
5282,1
5282,0
5281,5
5281,4
5281,3
5281,2
5281,1
5281,0
5280,6
5280,5
5280,4
5280,3
5280,2
5280,1
5280,0
5279,4
5279,3
5279,2
0,564
5279,1
5279,0
5278,3
5278,2
5278,1
5278,0
14,272
5277,15
5277,14
5277,13
5277,12
0,800
5277,11
5277,10
5277,9
5277,8
5277,7
5277,6
5277,5
5277,4
5277,3
5277,2
5277,1
5277,0
0,353
0,720
0,713
0,601
5276,6
5276,5
5276,4
5276,3
5276,2
5276,1
5276,0
5275,5
5275,4
5275,3
5275,2
5275,1
5275,0
5274,6
5274,5
5274,4
5274,3
5274,2
5274,1
5274,0
5273,4
5273,3
5273,2
5273,1
5273,0
5272,3
5272,2
5272,1
5272,0
14,271
5271,15
5271,14
5271,13
5271,12
5271,11
5271,10
5271,9
5271,8
5271,7
5271,6
5271,5
5271,4
5271,3
5271,2
5271,1
5271,0
5270,6
5270,5
5270,4
5270,3
5270,2
0,563
5270,1
5270,0
5269,5
5269,4
5269,3
5269,2
0,466
5269,1
5269,0
5268,6
5268,5
5268,4
5268,3
5268,2
5268,1
5268,0
5267,4
5267,3
5267,2
5267,1
5267,0
5266,3
5266,2
5266,1
5266,0
5265,15
5265,14
5265,13
5265,12
5265,11
5265,10
5265,9
5265,8
5265,7
5265,6
5265,5
5265,4
5265,3
5265,2
5265,1
5265,0
14,270
0,600
5264,6
5264,5
5264,4
5264,3
5264,2
5264,1
5264,0
5263,5
5263,4
5263,3
5263,2
5263,1
5263,0
13,16
5262,6
5262,5
5262,4
5262,3
5262,2
5262,1
5262,0
5261,4
5261,3
5261,2
5261,1
5261,0
5260,3
5260,2
5260,1
5260,0
14,258
5259,15
5259,14
5259,13
5259,12
5259,11
5259,10
5259,9
5259,8
5259,7
5259,6
5259,5
5259,4
5259,3
5259,2
0,562
5259,1
5259,0
0,339
5258,6
5258,5
5258,4
5258,3
5258,2
5258,1
5258,0
5257,5
5257,4
5257,3
5257,2
5257,1
5257,0
5256,6
5256,5
5256,4
5256,3
5256,2
5256,1
5256,0
5255,4
5255,3
5255,2
5255,1
5255,0
5254,3
5254,2
5254,1
5254,0
5253,15
5253,14
5253,13
5253,12
5253,11
5253,10
5253,9
5253,8
5253,7
5253,6
5253,5
5253,4
5253,3
5253,2
5253,1
5253,0
0,332
0,693
0,717
0,748
0,714
0,346
0,599
5252,6
5252,5
5252,4
5252,3
5252,2
5252,1
5252,0
13,21
13,2
13,0
13,19
13,1
5251,5
5251,4
5251,3
5251,2
5251,1
5251,0
5250,6
5250,5
5250,4
5250,3
5250,2
0,561
5250,1
5250,0
5249,4
5249,3
5249,2
5249,1
5249,0
5248,3
5248,2
5248,1
5248,0
13,12
5247,15
5247,14
5247,13
5247,12
5247,11
5247,10
5247,9
5247,8
5247,7
5247,6
5247,5
5247,4
5247,3
5247,2
5247,1
5247,0
14,264
0,685
14,257
5246,6
5246,5
5246,4
5246,3
5246,2
5246,1
5246,0
5245,5
5245,4
5245,3
5245,2
5245,1
5245,0
5244,6
5244,5
5244,4
5244,3
5244,2
5244,1
5244,0
5243,4
5243,3
5243,2
5243,1
5243,0
5242,3
5242,2
5242,1
5242,0
5241,15
5241,14
5241,13
5241,12
5241,11
5241,10
5241,9
5241,8
5241,7
5241,6
5241,5
5241,4
5241,3
5241,2
0,560
5241,1
5241,0
0,504
0,502
0,347
5240,6
5240,5
5240,4
5240,3
5240,2
5240,1
5240,0
5239,5
5239,4
5239,3
5239,2
5239,1
5239,0
5238,6
5238,5
5238,4
5238,3
5238,2
5238,1
5238,0
14,260
5237,4
5237,3
5237,2
5237,1
5237,0
