4128,6
4128,5
4128,4
4128,3
4128,2
4128,1
4128,0
4127,5
4127,4
4127,3
4127,2
4127,1
4127,0
14,482
4126,6
4126,5
4126,4
4126,3
4126,2
4126,1
4126,0
4125,4
4125,3
4125,2
4125,1
4125,0
4124,3
4124,2
4124,1
4124,0
4123,15
4123,14
4123,13
4123,12
4123,11
4123,10
4123,9
4123,8
4123,7
4123,6
4123,5
4123,4
4123,3
4123,2
0,637
0,0
0,10
4123,1
4123,0
4122,6
4122,5
4122,4
4122,3
4122,2
4122,1
4122,0
4121,5
4121,4
4121,3
4121,2
4121,1
4121,0
14,481
14,2
14,0
14,6
4120,6
4120,5
4120,4
4120,3
4120,2
4120,1
4120,0
4119,4
4119,3
4119,2
4119,1
4119,0
0,396
14,3
0,395
13,3
0,272
0,271
4118,3
4118,2
0,394
0,8
4118,1
4118,0
0,7
0,393
0,392
4117,15
4117,14
4117,13
4117,12
4117,11
4117,10
4117,9
4117,8
4117,7
4117,6
4117,5
4117,4
4117,3
4117,2
0,390
4117,1
4117,0
4116,6
4116,5
4116,4
4116,3
4116,2
4116,1
4116,0
4115,5
4115,4
4115,3
4115,2
4115,1
4115,0
14,480
4114,6
4114,5
4114,4
4114,3
4114,2
4114,1
4114,0
4113,4
4113,3
4113,2
4113,1
4113,0
4112,3
4112,2
4112,1
4112,0
4111,15
4111,14
4111,13
4111,12
4111,11
4111,10
4111,9
4111,8
4111,7
4111,6
4111,5
4111,4
4111,3
4111,2
0,636
4111,1
4111,0
4110,6
4110,5
4110,4
4110,3
4110,2
4110,1
4110,0
4109,5
4109,4
4109,3
4109,2
0,764
4109,1
4109,0
14,479
4108,6
4108,5
0,772
4108,4
4108,3
4108,2
0,763
4108,1
4108,0
4107,4
4107,3
4107,2
4107,1
4107,0
4106,3
4106,2
4106,1
4106,0
4105,15
4105,14
4105,13
4105,12
4105,11
4105,10
4105,9
4105,8
4105,7
4105,6
4105,5
4105,4
4105,3
4105,2
4105,1
4105,0
4104,6
4104,5
4104,4
4104,3
4104,2
0,635
4104,1
4104,0
4103,5
4103,4
4103,3
4103,2
4103,1
4103,0
14,478
4102,6
4102,5
4102,4
4102,3
4102,2
4102,1
4102,0
4101,4
4101,3
4101,2
4101,1
4101,0
4100,3
4100,2
4100,1
4100,0
4099,15
4099,14
4099,13
4099,12
4099,11
4099,10
4099,9
4099,8
4099,7
4099,6
4099,5
4099,4
4099,3
4099,2
4099,1
4099,0
4098,6
4098,5
4098,4
4098,3
4098,2
4098,1
4098,0
4097,5
4097,4
4097,3
4097,2
4097,1
4097,0
14,1
14,477
4096,6
4096,5
4096,4
4096,3
4096,2
4096,1
4096,0
4095,4
4095,3
4095,2
4095,1
4095,0
4094,3
4094,2
0,269
4094,1
4094,0
0,5
0,456
0,454
4093,15
4093,14
4093,13
4093,12
4093,11
4093,10
4093,9
4093,8
4093,7
4093,6
4093,5
4093,4
4093,3
4093,2
0,634
0,2
0,453
4093,1
4093,0
0,452
0,451
4092,6
4092,5
4092,4
4092,3
4092,2
0,450
4092,1
4092,0
0,449
0,446
4091,5
4091,4
4091,3
4091,2
0,445
4091,1
4091,0
14,476
4090,6
4090,5
4090,4
4090,3
4090,2
4090,1
4090,0
4089,4
4089,3
4089,2
4089,1
4089,0
4088,3
4088,2
4088,1
4088,0
4087,15
4087,14
4087,13
4087,12
4087,11
4087,10
4087,9
4087,8
4087,7
4087,6
4087,5
4087,4
4087,3
4087,2
0,11
4087,1
4087,0
4086,6
4086,5
4086,4
4086,3
4086,2
0,762
0,736
4086,1
4086,0
4085,5
4085,4
4085,3
4085,2
4085,1
4085,0
14,475
4084,6
4084,5
4084,4
4084,3
4084,2
4084,1
4084,0
4083,4
4083,3
4083,2
4083,1
4083,0
4082,3
4082,2
0,633
4082,1
4082,0
4081,15
4081,14
4081,13
4081,12
4081,11
4081,10
4081,9
4081,8
4081,7
4081,6
0,761
0,12
4081,5
4081,4
4081,3
4081,2
4081,1
4081,0
0,412
0,411
4080,6
4080,5
4080,4
4080,3
4080,2
0,410
4080,1
4080,0
0,409
0,408
4079,5
4079,4
4079,3
4079,2
0,407
4079,1
4079,0
14,474
0,406
0,405
4078,6
4078,5
4078,4
4078,3
4078,2
0,404
4078,1
4078,0
0,403
0,400
4077,4
4077,3
4077,2
0,399
4077,1
4077,0
0,398
0,397
4076,3
4076,2
4076,1
4076,0
4075,15
4075,14
4075,13
4075,12
4075,11
4075,10
4075,9
4075,8
4075,7
4075,6
4075,5
4075,4
4075,3
4075,2
4075,1
4075,0
4074,6
4074,5
4074,4
4074,3
4074,2
0,632
0,389
4074,1
4074,0
0,388
0,386
4073,5
4073,4
4073,3
4073,2
0,385
4073,1
4073,0
14,473
4072,6
4072,5
4072,4
4072,3
4072,2
4072,1
4072,0
4071,4
4071,3
4071,2
4071,1
4071,0
4070,3
4070,2
4070,1
4070,0
4069,15
4069,14
4069,13
4069,12
4069,11
4069,10
4069,9
4069,8
4069,7
4069,6
4069,5
4069,4
4069,3
4069,2
4069,1
4069,0
4068,6
4068,5
4068,4
4068,3
4068,2
4068,1
4068,0
4067,5
4067,4
4067,3
4067,2
4067,1
4067,0
14,472
4066,6
4066,5
4066,4
4066,3
4066,2
4066,1
4066,0
4065,4
4065,3
4065,2
0,771
4065,1
4065,0
4064,3
4064,2
4064,1
4064,0
4063,15
4063,14
4063,13
4063,12
4063,11
4063,10
4063,9
4063,8
4063,7
4063,6
4063,5
4063,4
4063,3
4063,2
0,760
0,243
0,735
0,631
4063,1
4063,0
4062,6
4062,5
4062,4
4062,3
4062,2
4062,1
4062,0
4061,5
4061,4
4061,3
4061,2
4061,1
4061,0
14,471
4060,6
4060,5
4060,4
4060,3
4060,2
4060,1
4060,0
4059,4
4059,3
4059,2
4059,1
4059,0
4058,3
4058,2
4058,1
4058,0
4057,15
4057,14
4057,13
4057,12
4057,11
4057,10
4057,9
4057,8
4057,7
4057,6
4057,5
4057,4
4057,3
4057,2
4057,1
4057,0
4056,6
4056,5
4056,4
4056,3
4056,2
4056,1
4056,0
4055,5
4055,4
4055,3
4055,2
4055,1
4055,0
14,470
4054,6
4054,5
4054,4
4054,3
4054,2
4054,1
4054,0
4053,4
4053,3
4053,2
0,630
4053,1
4053,0
4052,3
4052,2
0,1
0,759
0,724
0,9
4052,1
4052,0
0,274
4051,15
4051,14
4051,13
4051,12
4051,11
4051,10
4051,9
4051,8
4051,7
4051,6
4051,5
4051,4
4051,3
4051,2
0,744
4051,1
4051,0
4050,6
4050,5
4050,4
4050,3
4050,2
4050,1
4050,0
4049,5
4049,4
4049,3
4049,2
4049,1
4049,0
14,469
4048,6
4048,5
4048,4
4048,3
4048,2
4048,1
4048,0
4047,4
4047,3
4047,2
4047,1
4047,0
4046,3
4046,2
4046,1
4046,0
4045,15
4045,14
4045,13
4045,12
4045,11
4045,10
4045,9
4045,8
4045,7
4045,6
4045,5
4045,4
4045,3
4045,2
0,629
4045,1
4045,0
0,432
4044,6
4044,5
4044,4
4044,3
4044,2
4044,1
4044,0
0,429
4043,5
4043,4
4043,3
4043,2
0,428
4043,1
4043,0
14,468
0,427
0,426
4042,6
4042,5
4042,4
4042,3
4042,2
0,425
4042,1
4042,0
0,424
0,423
4041,4
4041,3
4041,2
0,422
4041,1
4041,0
0,421
0,420
4040,3
4040,2
0,419
4040,1
4040,0
0,418
0,417
4039,15
4039,14
4039,13
4039,12
4039,11
4039,10
4039,9
4039,8
4039,7
4039,6
4039,5
4039,4
4039,3
4039,2
0,416
4039,1
4039,0
0,414
0,413
4038,6
4038,5
4038,4
4038,3
4038,2
4038,1
4038,0
4037,5
4037,4
4037,3
4037,2
4037,1
4037,0
14,467
4036,6
4036,5
4036,4
4036,3
4036,2
4036,1
4036,0
4035,4
4035,3
4035,2
4035,1
4035,0
4034,3
4034,2
4034,1
4034,0
4033,15
4033,14
4033,13
4033,12
4033,11
4033,10
4033,9
4033,8
4033,7
4033,6
4033,5
4033,4
4033,3
4033,2
0,628
4033,1
4033,0
4032,6
4032,5
4032,4
4032,3
4032,2
4032,1
4032,0
4031,5
4031,4
4031,3
4031,2
4031,1
4031,0
14,466
4030,6
4030,5
4030,4
4030,3
4030,2
4030,1
4030,0
4029,4
4029,3
4029,2
4029,1
4029,0
4028,3
4028,2
4028,1
4028,0
4027,15
4027,14
4027,13
4027,12
4027,11
4027,10
4027,9
4027,8
4027,7
4027,6
4027,5
4027,4
4027,3
4027,2
4027,1
4027,0
4026,6
4026,5
4026,4
4026,3
4026,2
4026,1
4026,0
4025,5
4025,4
4025,3
4025,2
4025,1
4025,0
14,465
4024,6
4024,5
4024,4
4024,3
4024,2
0,627
4024,1
4024,0
4023,4
4023,3
4023,2
4023,1
4023,0
4022,3
4022,2
4022,1
4022,0
4021,15
4021,14
4021,13
0,770
4021,12
4021,11
4021,10
4021,9
4021,8
4021,7
4021,6
4021,5
4021,4
4021,3
4021,2
4021,1
4021,0
4020,6
4020,5
4020,4
4020,3
4020,2
4020,1
4020,0
4019,5
4019,4
4019,3
4019,2
4019,1
4019,0
14,464
0,309
4018,6
4018,5
4018,4
4018,3
4018,2
0,307
4018,1
4018,0
4017,4
4017,3
4017,2
4017,1
4017,0
4016,3
4016,2
4016,1
4016,0
4015,15
4015,14
4015,13
4015,12
4015,11
4015,10
4015,9
4015,8
4015,7
4015,6
4015,5
4015,4
4015,3
4015,2
0,626
4015,1
4015,0
4014,6
4014,5
4014,4
4014,3
4014,2
4014,1
4014,0
4013,5
4013,4
4013,3
4013,2
0,752
4013,1
4013,0
14,463
4012,6
4012,5
4012,4
4012,3
4012,2
4012,1
4012,0
4011,4
4011,3
4011,2
4011,1
4011,0
4010,3
4010,2
4010,1
4010,0
13,1
13,12
13,2
13,0
13,10
4009,15
4009,14
4009,13
4009,12
4009,11
4009,10
4009,9
4009,8
4009,7
4009,6
4009,5
4009,4
4009,3
4009,2
4009,1
4009,0
4008,6
4008,5
0,758
4008,4
4008,3
4008,2
4008,1
4008,0
4007,5
4007,4
4007,3
4007,2
4007,1
4007,0
14,462
4006,6
4006,5
4006,4
4006,3
4006,2
4006,1
4006,0
0,444
4005,4
4005,3
4005,2
0,443
4005,1
4005,0
0,442
0,441
4004,3
4004,2
0,439
4004,1
4004,0
0,438
0,437
4003,15
4003,14
4003,13
4003,12
4003,11
4003,10
4003,9
4003,8
4003,7
4003,6
4003,5
4003,4
4003,3
4003,2
0,625
0,436
4003,1
4003,0
0,435
0,434
4002,6
4002,5
4002,4
4002,3
4002,2
0,433
4002,1
4002,0
4001,5
4001,4
4001,3
4001,2
4001,1
4001,0
14,461
4000,6
4000,5
4000,4
4000,3
4000,2
0,275
0,276
0,750
4000,1
4000,0
3999,4
3999,3
3999,2
3999,1
3999,0
3998,3
3998,2
3998,1
3998,0
3997,15
3997,14
3997,13
3997,12
3997,11
3997,10
3997,9
3997,8
3997,7
3997,6
3997,5
3997,4
3997,3
3997,2
3997,1
3997,0
3996,6
3996,5
3996,4
3996,3
3996,2
0,624
3996,1
3996,0
3995,5
3995,4
3995,3
3995,2
3995,1
3995,0
14,460
3994,6
3994,5
3994,4
3994,3
3994,2
3994,1
3994,0
3993,4
3993,3
3993,2
3993,1
3993,0
3992,3
3992,2
3992,1
3992,0
3991,15
3991,14
3991,13
3991,12
3991,11
3991,10
3991,9
3991,8
3991,7
3991,6
3991,5
3991,4
3991,3
3991,2
3991,1
3991,0
3990,6
3990,5
3990,4
3990,3
3990,2
3990,1
3990,0
3989,5
3989,4
3989,3
3989,2
3989,1
3989,0
14,459
3988,6
3988,5
3988,4
3988,3
3988,2
3988,1
3988,0
3987,4
3987,3
3987,2
3987,1
3987,0
13,11
3986,3
3986,2
3986,1
3986,0
3985,15
3985,14
3985,13
3985,12
3985,11
3985,10
3985,9
3985,8
3985,7
3985,6
3985,5
3985,4
3985,3
3985,2
0,623
3985,1
3985,0
3984,6
3984,5
3984,4
3984,3
3984,2
3984,1
3984,0
3983,5
3983,4
3983,3
3983,2
3983,1
3983,0
14,458
3982,6
3982,5
3982,4
3982,3
3982,2
3982,1
3982,0
3981,4
3981,3
3981,2
3981,1
3981,0
3980,3
3980,2
3980,1
3980,0
3979,15
3979,14
3979,13
3979,12
3979,11
3979,10
3979,9
0,769
3979,8
3979,7
3979,6
3979,5
3979,4
3979,3
3979,2
3979,1
3979,0
3978,6
3978,5
3978,4
3978,3
3978,2
3978,1
3978,0
3977,5
3977,4
3977,3
3977,2
3977,1
3977,0
14,457
0,311
0,310
3976,6
3976,5
0,319
3976,4
3976,3
3976,2
3976,1
3976,0
3975,4
3975,3
3975,2
0,305
3975,1
3975,0
0,303
0,301
3974,3
3974,2
0,622
0,300
3974,1
3974,0
0,299
0,298
3973,15
3973,14
3973,13
3973,12
3973,11
3973,10
3973,9
3973,8
3973,7
3973,6
3973,5
3973,4
3973,3
3973,2
0,297
3973,1
3973,0
0,296
0,295
3972,6
3972,5
3972,4
3972,3
3972,2
0,294
3972,1
3972,0
0,293
0,292
3971,5
3971,4
3971,3
3971,2
0,291
3971,1
3971,0
14,456
0,290
0,289
3970,6
3970,5
3970,4
3970,3
3970,2
0,288
3970,1
3970,0
0,287
0,286
3969,4
3969,3
3969,2
0,285
3969,1
3969,0
0,284
0,283
3968,3
3968,2
0,282
3968,1
3968,0
0,281
0,280
3967,15
3967,14
3967,13
3967,12
3967,11
3967,10
3967,9
3967,8
3967,7
3967,6
3967,5
3967,4
3967,3
3967,2
0,279
3967,1
3967,0
0,277
3966,6
3966,5
3966,4
3966,3
3966,2
0,621
3966,1
3966,0
3965,5
3965,4
3965,3
3965,2
3965,1
3965,0
14,455
3964,6
3964,5
3964,4
3964,3
3964,2
3964,1
3964,0
3963,4
3963,3
3963,2
3963,1
3963,0
3962,3
3962,2
3962,1
3962,0
3961,15
3961,14
3961,13
3961,12
3961,11
3961,10
3961,9
3961,8
3961,7
3961,6
3961,5
3961,4
3961,3
3961,2
3961,1
3961,0
3960,6
3960,5
3960,4
3960,3
3960,2
3960,1
3960,0
3959,5
3959,4
3959,3
3959,2
3959,1
3959,0
14,454
0,431
0,430
3958,6
3958,5
3958,4
3958,3
3958,2
3958,1
3958,0
3957,4
3957,3
3957,2
3957,1
3957,0
3956,3
3956,2
3956,1
3956,0
3955,15
3955,14
3955,13
3955,12
3955,11
3955,10
3955,9
3955,8
3955,7
3955,6
3955,5
3955,4
3955,3
3955,2
0,620
3955,1
3955,0
3954,6
3954,5
3954,4
3954,3
3954,2
3954,1
3954,0
3953,5
3953,4
3953,3
3953,2
3953,1
3953,0
14,453
3952,6
3952,5
3952,4
3952,3
3952,2
3952,1
3952,0
3951,4
3951,3
3951,2
3951,1
3951,0
3950,3
3950,2
3950,1
3950,0
3949,15
3949,14
3949,13
3949,12
3949,11
3949,10
3949,9
3949,8
3949,7
3949,6
3949,5
3949,4
3949,3
3949,2
3949,1
3949,0
3948,6
3948,5
3948,4
3948,3
3948,2
3948,1
3948,0
3947,5
3947,4
3947,3
3947,2
0,757
3947,1
3947,0
14,452
3946,6
3946,5
3946,4
3946,3
3946,2
0,756
3946,1
3946,0
3945,4
3945,3
3945,2
0,619
3945,1
3945,0
3944,3
3944,2
3944,1
3944,0
3943,15
3943,14
3943,13
3943,12
3943,11
3943,10
3943,9
3943,8
3943,7
3943,6
3943,5
3943,4
3943,3
3943,2
3943,1
3943,0
3942,6
3942,5
3942,4
3942,3
3942,2
3942,1
3942,0
3941,5
3941,4
3941,3
3941,2
3941,1
3941,0
14,451
3940,6
3940,5
3940,4
3940,3
3940,2
3940,1
3940,0
3939,4
3939,3
3939,2
3939,1
3939,0
3938,3
3938,2
3938,1
3938,0
3937,15
3937,14
3937,13
3937,12
3937,11
3937,10
3937,9
3937,8
3937,7
3937,6
3937,5
0,768
3937,4
3937,3
3937,2
0,618
3937,1
3937,0
3936,6
3936,5
3936,4
3936,3
3936,2
3936,1
3936,0
3935,5
3935,4
3935,3
3935,2
0,755
3935,1
3935,0
14,450
3934,6
3934,5
3934,4
3934,3
3934,2
3934,1
3934,0
3933,4
3933,3
3933,2
3933,1
3933,0
3932,3
3932,2
3932,1
3932,0
3931,15
3931,14
3931,13
3931,12
3931,11
3931,10
3931,9
3931,8
3931,7
3931,6
3931,5
3931,4
3931,3
3931,2
3931,1
3931,0
3930,6
3930,5
3930,4
3930,3
3930,2
3930,1
3930,0
3929,5
3929,4
3929,3
3929,2
3929,1
3929,0
14,449
3928,6
3928,5
3928,4
3928,3
3928,2
3928,1
3928,0
3927,4
3927,3
3927,2
3927,1
3927,0
3926,3
3926,2
3926,1
3926,0
3925,15
3925,14
3925,13
3925,12
3925,11
3925,10
3925,9
3925,8
3925,7
3925,6
3925,5
3925,4
3925,3
3925,2
0,617
3925,1
3925,0
3924,6
3924,5
3924,4
3924,3
3924,2
3924,1
3924,0
3923,5
3923,4
3923,3
3923,2
3923,1
3923,0
14,448
3922,6
3922,5
3922,4
3922,3
3922,2
3922,1
3922,0
3921,4
3921,3
3921,2
3921,1
3921,0
3920,3
3920,2
3920,1
3920,0
3919,15
3919,14
3919,13
3919,12
3919,11
3919,10
3919,9
3919,8
3919,7
3919,6
3919,5
3919,4
3919,3
3919,2
3919,1
3919,0
3918,6
3918,5
3918,4
3918,3
3918,2
3918,1
3918,0
3917,5
3917,4
3917,3
3917,2
3917,1
3917,0
14,447
3916,6
